4.756245222166180753e+01 -1.223319740325212450e+02
4.756334631741047048e+01 -1.223304551720619173e+02
4.756316894888878011e+01 -1.223301287770271273e+02
4.756299158409238004e+01 -1.223298024117946596e+02
4.756281424909830235e+01 -1.223294760316610308e+02
4.756263686940074109e+01 -1.223291496664285631e+02
4.756245950832963132e+01 -1.223288232415914507e+02
4.756228209510445737e+01 -1.223284969061613054e+02
4.756210475265979909e+01 -1.223281705409288378e+02
4.756192742511630200e+01 -1.223278441756963701e+02
4.756175008639693402e+01 -1.223275177806615801e+02
4.756157267689705037e+01 -1.223271915048360796e+02
4.756139530837536000e+01 -1.223268651098012896e+02
4.756121792495250844e+01 -1.223265386849641772e+02
4.756104047447443151e+01 -1.223262123197317095e+02
4.756086315810680532e+01 -1.223258859843015642e+02
4.756068588644266271e+01 -1.223255595892667742e+02
4.756050840616226338e+01 -1.223252331644296618e+02
4.756033107489347600e+01 -1.223249069184064837e+02
4.756015365421772145e+01 -1.223245804041624041e+02
4.755997628569603108e+01 -1.223242541879415484e+02
4.755979894697666310e+01 -1.223239276736974688e+02
4.755962140709161901e+01 -1.223236013978719683e+02
4.755944423228502416e+01 -1.223232750624418230e+02
4.755926667749881886e+01 -1.223229485481977434e+02
4.755908942818641805e+01 -1.223226222723722429e+02
4.755891213417053365e+01 -1.223222956985235186e+02
4.755873481035232686e+01 -1.223219694226980181e+02
4.755855742692947530e+01 -1.223216430276632281e+02
4.755838005840778493e+01 -1.223213165730237932e+02
4.755820254087448262e+01 -1.223209903568029375e+02
4.755802526175975942e+01 -1.223206639021635027e+02
4.755784783363342427e+01 -1.223203375667333574e+02
4.755767052471637868e+01 -1.223200112909078570e+02
4.755749303698539876e+01 -1.223196847766637774e+02
4.755731569826603078e+01 -1.223193584412336321e+02
4.755713844895362996e+01 -1.223190319269895525e+02
4.755696088671684407e+01 -1.223187057107686968e+02
4.755678368210792684e+01 -1.223183792561292620e+02
4.755660625398159169e+01 -1.223180529206991167e+02
4.755642875134945058e+01 -1.223177266448736162e+02
4.755625138282776021e+01 -1.223174000710248919e+02
4.755607423782348775e+01 -1.223170737355947466e+02
4.755589675009250783e+01 -1.223167474597692461e+02
4.755571951568126821e+01 -1.223164211839437456e+02
4.755554205775261067e+01 -1.223160946100950213e+02
4.755536483824253224e+01 -1.223157683938741656e+02
4.755518745481968068e+01 -1.223154420584440203e+02
4.755500996708870076e+01 -1.223151156634092303e+02
4.755483268797397756e+01 -1.223147892683744402e+02
4.755465509593486928e+01 -1.223144627541303606e+02
4.755447772741317891e+01 -1.223141367167234392e+02
4.755430040359497212e+01 -1.223138100832700701e+02
4.755412306487560414e+01 -1.223134835690259905e+02
4.755394556224346303e+01 -1.223131575316190691e+02
4.755376816391945027e+01 -1.223128310173749895e+02
4.755359076559543752e+01 -1.223125047415494890e+02
4.755341350138187551e+01 -1.223121782273054095e+02
4.755323637127876424e+01 -1.223118518322706194e+02
4.755305918157100820e+01 -1.223115255564451189e+02
